0000000000000000000000000000000000000000000000000000000000000011111111111111100000100000100000001000001000001000000010000010000010000001100000100000100000010000001000001000000100000010000010000001000000100000100000010000001000000000000100000010000000000001000000100000000000010000001000000000000000000000000000000000000000000000000000000000000000000000000000000000000000000000000000000000000000000000
0000000000000000000000000000000000000000000000000000000000000011111111111111100000100000100000001000001000001000000010000010000010000001100000100000100000010000001000001000000100000010000010000001000000100000100000010000001000000000000100000010000000000001000000100000000000010000001000000000000000000000000000000000000000000000000000000000000000000000000000000000000000000000000000000000000000000000
0000000000000000000000000000000000000000000000000000000000000011111111111111100000100000100000001000001000001000000010000010000010000001100000100000100000010000001000001000000100000010000010000001000000100000100000010000001000000000000100000010000000000001000000100000000000010000001000000000000000000000000000000000000000000000000000000000000000000000000000000000000000000000000000000000000000000000
0000000000000000000000000000000000000000000000000000000000000011111111111111100000100000100000001000001000001000000010000010000010000001100000100000100000010000001000001000000100000010000010000001000000100000100000010000001000000000000100000010000000000001000000100000000000010000001000000000000000000000000000000000000000000000000000000000000000000000000000000000000000000000000000000000000000000000
0000000000000000000000000000000000000000000000000000000000000011111111111111100000100000100000001000001000001000000010000010000010000001100000100000100000010000001000001000000100000010000010000001000000100000100000010000001000000000000100000010000000000001000000100000000000010000001000000000000000000000000000000000000000000000000000000000000000000000000000000000000000000000000000000000000000000000
0000000000000000000000000000000000000000000000000000000000000011111111111111100000100000100000001000001000001000000010000010000010000001100000100000100000010000001000001000000100000010000010000001000000100000100000010000001000000000000100000010000000000001000000100000000000010000001000000000000000000000000000000000000000000000000000000000000000000000000000000000000000000000000000000000000000000000
0000000000000000000000000000000000000000000000000000000000000011111111111111100000100000100000001000001000001000000010000010000010000001100000100000100000010000001000001000000100000010000010000001000000100000100000010000001000000000000100000010000000000001000000100000000000010000001000000000000000000000000000000000000000000000000000000000000000000000000000000000000000000000000000000000000000000000
0000000000000000000000000000000000000000000000000000000000000011111111111111100000100000100000001000001000001000000010000010000010000001100000100000100000010000001000001000000100000010000010000001000000100000100000010000001000000000000100000010000000000001000000100000000000010000001000000000000000000000000000000000000000000000000000000000000000000000000000000000000000000000000000000000000000000000
0000000000000000000000000000000000000000000000000000000000000011111111111111100000100000100000001000001000001000000010000010000010000001100000100000100000010000001000001000000100000010000010000001000000100000100000010000001000000000000100000010000000000001000000100000000000010000001000000000000000000000000000000000000000000000000000000000000000000000000000000000000000000000000000000000000000000000
0000000000000000000000000000000000000000000000000000000000000011111111111111100000100000100000001000001000001000000010000010000010000001100000100000100000010000001000001000000100000010000010000001000000100000100000010000001000000000000100000010000000000001000000100000000000010000001000000000000000000000000000000000000000000000000000000000000000000000000000000000000000000000000000000000000000000000
0000000000000000000000000000000000000000000000000000000000000011111111111111100000100000100000001000001000001000000010000010000010000001100000100000100000010000001000001000000100000010000010000001000000100000100000010000001000000000000100000010000000000001000000100000000000010000001000000000000000000000000000000000000000000000000000000000000000000000000000000000000000000000000000000000000000000000
0000000000000000000001111111111111111110010000000100000000100100000001000000001001000000010000000010010000000100000000100100000001000000001001000000010000000010010000000100000000100100000001000000001001000000010000000010010000000100000000100100000001000000001001000000010000000010000000000000000000000000000000000000000000000000000000000000000000000000000000000000000000000000000000000000000000000000
0000000000000000000001111111111111111110010000000100000000100100000001000000001001000000010000000010010000000100000000100100000001000000001001000000010000000010010000000100000000100100000001000000001001000000010000000010010000000100000000100100000001000000001001000000010000000010000000000000000000000000000000000000000000000000000000000000000000000000000000000000000000000000000000000000000000000000
0000000000000000000001111111111111111110010000000100000000100100000001000000001001000000010000000010010000000100000000100100000001000000001001000000010000000010010000000100000000100100000001000000001001000000010000000010010000000100000000100100000001000000001001000000010000000010000000000000000000000000000000000000000000000000000000000000000000000000000000000000000000000000000000000000000000000000
0000000000000000000000000000000000000000000000000000000000000011100000000000000000100111111111000000001000100000100000000010001000001000000000100011000010000000001000010000100000000010000100001000000000100000000010000000001000000000100000000010000000001000000000000000000010000000000000000000100000000000000000001000000000000000000000000000000000000000000000000000000000000000000000000000000000000000
0000000000000000000000000000000000000000000000000000000000000011100000000000000000100111111111000000001000100000100000000010001000001000000000100011000010000000001000010000100000000010000100001000000000100000000010000000001000000000100000000010000000001000000000000000000010000000000000000000100000000000000000001000000000000000000000000000000000000000000000000000000000000000000000000000000000000000
0000000000000000000000000000000000000000000000000000000000000011100000000000000000100111111111000000001000100000100000000010001000001000000000100011000010000000001000010000100000000010000100001000000000100000000010000000001000000000100000000010000000001000000000000000000010000000000000000000100000000000000000001000000000000000000000000000000000000000000000000000000000000000000000000000000000000000
0000000000000000000000000000000000000000000000000000000000000011100000000000000000100111111111000000001000100000100000000010001000001000000000100011000010000000001000010000100000000010000100001000000000100000000010000000001000000000100000000010000000001000000000000000000010000000000000000000100000000000000000001000000000000000000000000000000000000000000000000000000000000000000000000000000000000000
0000000000000000000000000000000000000000000000000000000000000011100000000000000000100111111111000000001000100000100000000010001000001000000000100011000010000000001000010000100000000010000100001000000000100000000010000000001000000000100000000010000000001000000000000000000010000000000000000000100000000000000000001000000000000000000000000000000000000000000000000000000000000000000000000000000000000000
0000000000000000000000000000000000000000000000000000000000000011100000000000000000100111111111000000001000100000100000000010001000001000000000100011000010000000001000010000100000000010000100001000000000100000000010000000001000000000100000000010000000001000000000000000000010000000000000000000100000000000000000001000000000000000000000000000000000000000000000000000000000000000000000000000000000000000
0000000000000000000000000000000000000000000000000100000000000011111111111111100000100000010000001000001000000100000010000010000001000000100000100000010000001000001000000100000010000010000000100000100000100000001000001000001000000010000010000010000000100000100000100000000000001000000000000000000000000000000000000000000000000000000000000000000000000000000000000000000000000000000000000000000000000000
0000000000000000000000000000000000000000000000000100000000000011111111111111100000100000010000001000001000000100000010000010000001000000100000100000010000001000001000000100000010000010000000100000100000100000001000001000001000000010000010000010000000100000100000100000000000001000000000000000000000000000000000000000000000000000000000000000000000000000000000000000000000000000000000000000000000000000
0000000000000000000001111111111111111110010000000100000000100100000001000000001001000000010000000010010000000100000000100100000001000000001001000000010000000010010000000100000000100100000001000000001001000000010000000010010000000100000000100100000001000000001001000000010000000010000000000000000000000000000000000000000000000000000000000000000000000000000000000000000000000000000000000000000000000000
0000000000000000000000000000000000000000000000000000000000000000000000000000000000011111111111110000000100000100000100000001000001000001000000010000010000010000000100000000000100000001000000000001000000010000000000010000000100000000000100000000000000000001000000000000000000010000000000000000000100000000000000000001000000000000000000010000000000000000000100000000000000000000000000000000000000000000
0000000000000000000000000000000000000000000000000000000000000000000000000000000000011111111111110000000100000100000100000001000001000001000000010000010000010000000100000000000100000001000000000001000000010000000000010000000100000000000100000000000000000001000000000000000000010000000000000000000100000000000000000001000000000000000000010000000000000000000100000000000000000000000000000000000000000000
0000000000000000000000000000000000000000000000000000000000000100000000000000000001111100000000000000010000111111111111110100000000100000000101000000001000000001010000000010000000010100000000100000000101000000001000000001010000000010000000010100000000100000000101000000001000000001010000000000000000000000000000000000000000000000000000000000000000000000000000000000000000000000000000000000000000000000
0000000000000000000000000000000000000000000000000000000000000011000000000000000001100000000000000000011111111111111111001000000000100000000010000000001000000000100000000010000000001000000000100000000010000000011000000000100000000100000000000100000011000000000000110001100000000000000011110000000000000000000000000000000000000000000000000000000000000000000000000000000000000000000000000000000000000000
